function [IZC,AP,SPCC,UTMC,ZN] = s83tblspc(par)

% function [IZC,AP,SPCC,UTMC,ZN] = s83tblspc(par)
% convert geodesic to state plane co-ordinates
% original BY E. CARLSON / subroutine
% 15.03.12 M.P.

% CREATE THE STATE PLANE COORDINATE TABLES
%ZN = struct(135,1);  Char-Structure
SPCC = zeros(135,6);
IZC = zeros(135,1);
%AP = struct(135,1);  Char-Structure
UTMC = zeros(60,1);

% LOAD THE TABLE OF SPC STATE ZONE CODES
      IZC(1)=101;
      IZC(2)=102;
      IZC(3)=5001;
      IZC(4)=5002;
      IZC(5)=5003;
      IZC(6)=5004;
      IZC(7)=5005;
      IZC(8)=5006;
      IZC(9)=5007;
      IZC(10)=5008;
      IZC(11)=5009;
      IZC(12)=5010;
      IZC(13)=201;
      IZC(14)=202;
      IZC(15)=203;
      IZC(16)=301;
      IZC(17)=302;
      IZC(18)=401;
      IZC(19)=402;
      IZC(20)=403;
      IZC(21)=404;
      IZC(22)=405;
      IZC(23)=406;
      IZC(24)=501;
      IZC(25)=502;
      IZC(26)=503;
      IZC(27)=600;
      IZC(28)=700;
      IZC(29)=901;
      IZC(30)=902;
      IZC(31)=903;
      IZC(32)=1001;
      IZC(33)=1002;
      IZC(34)=5101;
      IZC(35)=5102;
      IZC(36)=5103;
      IZC(37)=5104;
      IZC(38)=5105;
      IZC(39)=1101;
      IZC(40)=1102;
      IZC(41)=1103;
      IZC(42)=1201;
      IZC(43)=1202;
      IZC(44)=1301;
      IZC(45)=1302;
      IZC(46)=1401;
      IZC(47)=1402;
      IZC(48)=1501;
      IZC(49)=1502;
      IZC(50)=1601;
      IZC(51)=1602;
      IZC(52)=1701;
      IZC(53)=1702;
      IZC(54)=1703;
      IZC(55)=1801;
      IZC(56)=1802;
      IZC(57)=1900;
      IZC(58)=2001;
      IZC(59)=2002;
      IZC(60)=0;
      IZC(61)=0;
      IZC(62)=0;
      IZC(63)=2111;
      IZC(64)=2112;
      IZC(65)=2113;
      IZC(66)=2201;
      IZC(67)=2202;
      IZC(68)=2203;
      IZC(69)=2301;
      IZC(70)=2302;
      IZC(71)=2401;
      IZC(72)=2402;
      IZC(73)=2403;
      IZC(74)=2500;
      IZC(75)=0;
      IZC(76)=0;
      IZC(77)=2600;
      IZC(78)=0;
      IZC(79)=2701;
      IZC(80)=2702;
      IZC(81)=2703;
      IZC(82)=2800;
      IZC(83)=2900;
      IZC(84)=3001;
      IZC(85)=3002;
      IZC(86)=3003;
      IZC(87)=3101;
      IZC(88)=3102;
      IZC(89)=3103;
      IZC(90)=3104;
      IZC(91)=3200;
      IZC(92)=3301;
      IZC(93)=3302;
      IZC(94)=3401;
      IZC(95)=3402;
      IZC(96)=3501;
      IZC(97)=3502;
      IZC(98)=3601;
      IZC(99)=3602;
      IZC(100)=3701;
      IZC(101)=3702;
      IZC(102)=3800;
      IZC(103)=3900;
      IZC(104)=4001;
      IZC(105)=4002;
      IZC(106)=4100;
      IZC(107)=4201;
      IZC(108)=4202;
      IZC(109)=4203;
      IZC(110)=4204;
      IZC(111)=4205;
      IZC(112)=4301;
      IZC(113)=4302;
      IZC(114)=4303;
      IZC(115)=4400;
      IZC(116)=4501;
      IZC(117)=4502;
      IZC(118)=4601;
      IZC(119)=4602;
      IZC(120)=4701;
      IZC(121)=4702;
      IZC(122)=4801;
      IZC(123)=4802;
      IZC(124)=4803;
      IZC(125)=4901;
      IZC(126)=4902;
      IZC(127)=4903;
      IZC(128)=4904;
      IZC(129)=5200;
      IZC(130)=0;
      IZC(131)=0;
      IZC(132)=5300;
      IZC(133)=5400;
% New Kentucky Single Zone
      IZC(134)=1600;
% New GUAM zone 5401 not on line yet
      IZC(135)=5401;

% LOAD THE PROPER TYPE OF PROJECTION
%          L=LAMBERT CONIC PROJECTION
%          T=TRANSVERSE MERCATOR PROJECTION
%          O=OBLIQUE MERCATOR PROJECTION
%          N=CONSTANTS NOT YET AVAILABLE (NEEDS PERIODIC UPDATING)

      AP(1).s='T';
      AP(2).s='T';
      AP(3).s='O';
      AP(4).s='T';
      AP(5).s='T';
      AP(6).s='T';
      AP(7).s='T';
      AP(8).s='T';
      AP(9).s='T';
      AP(10).s='T';
      AP(11).s='T';
      AP(12).s='L';
      AP(13).s='T';
      AP(14).s='T';
      AP(15).s='T';
      AP(16).s='L';
      AP(17).s='L';
      AP(18).s='L';
      AP(19).s='L';
      AP(20).s='L';
      AP(21).s='L';
      AP(22).s='L';
      AP(23).s='L';
      AP(24).s='L';
      AP(25).s='L';
      AP(26).s='L';
      AP(27).s='L';
      AP(28).s='T';
      AP(29).s='T';
      AP(30).s='T';
      AP(31).s='L';
      AP(32).s='T';
      AP(33).s='T';
      AP(34).s='T';
      AP(35).s='T';
      AP(36).s='T';
      AP(37).s='T';
      AP(38).s='T';
      AP(39).s='T';
      AP(40).s='T';
      AP(41).s='T';
      AP(42).s='T';
      AP(43).s='T';
      AP(44).s='T';
      AP(45).s='T';
      AP(46).s='L';
      AP(47).s='L';
      AP(48).s='L';
      AP(49).s='L';
      AP(50).s='L';
      AP(51).s='L';
      AP(52).s='L';
      AP(53).s='L';
      AP(54).s='L';
      AP(55).s='T';
      AP(56).s='T';
      AP(57).s='L';
      AP(58).s='L';
      AP(59).s='L';
      AP(60).s='N';
      AP(61).s='N';
      AP(62).s='N';
      AP(63).s='L';
      AP(64).s='L';
      AP(65).s='L';
      AP(66).s='L';
      AP(67).s='L';
      AP(68).s='L';
      AP(69).s='T';
      AP(70).s='T';
      AP(71).s='T';
      AP(72).s='T';
      AP(73).s='T';
      AP(74).s='L';
      AP(75).s='N';
      AP(76).s='N';
      AP(77).s='L';
      AP(78).s='N';
      AP(79).s='T';
      AP(80).s='T';
      AP(81).s='T';
      AP(82).s='T';
      AP(83).s='T';
      AP(84).s='T';
      AP(85).s='T';
      AP(86).s='T';
      AP(87).s='T';
      AP(88).s='T';
      AP(89).s='T';
      AP(90).s='L';
      AP(91).s='L';
      AP(92).s='L';
      AP(93).s='L';
      AP(94).s='L';
      AP(95).s='L';
      AP(96).s='L';
      AP(97).s='L';
      AP(98).s='L';
      AP(99).s='L';
      AP(100).s='L';
      AP(101).s='L';
      AP(102).s='T';
      AP(103).s='L';
      AP(104).s='L';
      AP(105).s='L';
      AP(106).s='L';
      AP(107).s='L';
      AP(108).s='L';
      AP(109).s='L';
      AP(110).s='L';
      AP(111).s='L';
      AP(112).s='L';
      AP(113).s='L';
      AP(114).s='L';
      AP(115).s='T';
      AP(116).s='L';
      AP(117).s='L';
      AP(118).s='L';
      AP(119).s='L';
      AP(120).s='L';
      AP(121).s='L';
      AP(122).s='L';
      AP(123).s='L';
      AP(124).s='L';
      AP(125).s='T';
      AP(126).s='T';
      AP(127).s='T';
      AP(128).s='T';
      AP(129).s='L';
      AP(130).s='N';
      AP(131).s='N';
      AP(132).s='N';
      AP(133).s='T';
      AP(134).s='L';
      AP(135).s='T';
      
% INITIALIZE CONSTANTS TABLES
